Shaknspin W&F meter
Session:;trchnics 1500.CSV
Device:;6985321910C4EB9E-058
Avg Speed:;33.385
Avg Speed Dev:;00.17%
Var. Min:;33.31
Var. Max:;33.46
Var. Min%:;-0.235%
Var. Max%:;+0.233%
HighPass Min:;33.31
HighPass Max:;33.47
W&F peak:;0.097
W&F peak 2s:;0.088
W&F DIN:;0.035
W&F WRMS:;0.007
W&F RMS:;0.02
Jitter%:;0.230
Wow:;0.05
Flutter:;0.02
Freq1 (Hz):;00.610
Freq2 (Hz):;03.662

Speed trace (de-noised) in 2mS intervals
Frequency in Hz

Time;Speed;Freq;Magnitude
0;33.372;0.244;00.487
2;33.362;0.366;00.219
4;33.349;0.488;00.478
6;33.36;0.61;00.999
8;33.339;0.732;00.591
10;33.362;0.854;00.274
12;33.363;0.977;00.313
14;33.358;1.099;00.089
16;33.36;1.221;00.112
18;33.344;1.343;00.126
20;33.336;1.465;00.147
22;33.349;1.587;00.121
24;33.349;1.709;00.12
26;33.35;1.831;00.128
28;33.358;1.953;00.052
30;33.347;2.075;00.097
32;33.34;2.197;00.038
34;33.371;2.319;00.028
36;33.374;2.441;00.03
38;33.372;2.563;00.07
40;33.381;2.686;00.071
42;33.372;2.808;00.14
44;33.352;2.93;00.085
46;33.363;3.052;00.069
48;33.368;3.174;00.021
50;33.377;3.296;00.027
52;33.387;3.418;00.086
54;33.365;3.54;00.164
56;33.369;3.662;00.419
58;33.372;3.784;00.283
60;33.362;3.906;00.103
62;33.365;4.028;00.081
64;33.369;4.15;00.058
66;33.366;4.272;00.086
68;33.372;4.395;00.054
70;33.359;4.517;00.048
72;33.353;4.639;00.044
74;33.374;4.761;00.071
76;33.387;4.883;00.094
78;33.353;5.005;00.12
80;33.353;5.127;00.139
82;33.369;5.249;00.045
84;33.366;5.371;00.038
86;33.372;5.493;00.11
88;33.352;5.615;00.162
90;33.369;5.737;00.174
92;33.397;5.859;00.118
94;33.398;5.981;00.027
96;33.398;6.104;00.064
98;33.388;6.226;00.091
100;33.393;6.348;00.103
102;33.381;6.47;00.035
104;33.374;6.592;00.025
106;33.347;6.714;00.056
108;33.36;6.836;00.051
110;33.387;6.958;00.059
112;33.39;7.08;00.137
114;33.358;7.202;00.14
116;33.365;7.324;00.124
118;33.327;7.446;00.12
120;33.339;7.568;00.031
122;33.368;7.69;00.04
124;33.385;7.812;00.055
126;33.358;7.935;00.033
128;33.378;8.057;00.09
130;33.369;8.179;00.09
132;33.387;8.301;00.041
134;33.343;8.423;00.069
136;33.342;8.545;00.097
138;33.385;8.667;00.107
140;33.394;8.789;00.045
142;33.366;8.911;00.078
144;33.382;9.033;00.076
146;33.365;9.155;00.143
148;33.349;9.277;00.094
150;33.4;9.399;00.048
152;33.36;9.521;00.043
154;33.347;9.644;00.031
156;33.362;9.766;00.034
158;33.381;9.888;00.136
160;33.366;10.01;00.185
162;33.378;10.132;00.145
164;33.403;10.254;00.128
166;33.385;10.376;00.097
168;33.385;10.498;00.036
170;33.397;10.62;00.053
172;33.372;10.742;00.026
174;33.365;10.864;00.036
176;33.362;10.986;00.101
178;33.381;11.108;00.077
180;33.369;11.23;00.036
182;33.362;11.353;00.04
184;33.379;11.475;00.057
186;33.375;11.597;00.102
188;33.404;11.719;00.164
190;33.378;11.841;00.146
192;33.353;11.963;00.081
194;33.368;12.085;00.085
196;33.385;12.207;00.011
198;33.379;12.329;00.062
200;33.353;12.451;00.089
202;33.363;12.573;00.112
204;33.393;12.695;00.023
206;33.385;12.817;00.029
208;33.375;12.939;00.031
210;33.347;13.062;00.032
212;33.342;13.184;00.028
214;33.384;13.306;00.032
216;33.366;13.428;00.062
218;33.371;13.55;00.099
220;33.362;13.672;00.15
222;33.381;13.794;00.12
224;33.391;13.916;00.098
226;33.372;14.038;00.09
228;33.384;14.16;00.073
230;33.372;14.282;00.102
232;33.39;14.404;00.013
234;33.353;14.526;00.135
236;33.356;14.648;00.122
238;33.382;14.771;00.044
240;33.385;14.893;00.054
242;33.396;15.015;00.087
244;33.363;15.137;00.017
246;33.398;15.259;00.066
248;33.409;15.381;00.099
250;33.397;15.503;00.063
252;33.363;15.625;00.038
254;33.391;15.747;00.031
256;33.359;15.869;00.044
258;33.384;15.991;00.02
260;33.374;16.113;00.004
262;33.355;16.235;00.047
264;33.377;16.357;00.033
266;33.36;16.479;00.041
268;33.355;16.602;00.07
270;33.343;16.724;00.091
272;33.382;16.846;00.047
274;33.388;16.968;00.036
276;33.397;17.09;00.102
278;33.363;17.212;00.083
280;33.379;17.334;00.021
282;33.398;17.456;00.077
284;33.368;17.578;00.065
286;33.366;17.7;00.074
288;33.366;17.822;00.094
290;33.328;17.944;00.013
292;33.358;18.066;00.039
294;33.391;18.188;00.036
296;33.387;18.311;00.062
298;33.375;18.433;00.075
300;33.384;18.555;00.106
302;33.374;18.677;00.056
304;33.359;18.799;00.08
306;33.355;18.921;00.121
308;33.375;19.043;00.07
310;33.349;19.165;00.01
312;33.349;19.287;00.018
314;33.337;19.409;00.039
316;33.355;19.531;00.089
318;33.36;19.653;00.053
320;33.391;19.775;00.055
322;33.369;19.897;00.072
324;33.35;20.02;00.048
326;33.355;20.142;00.082
328;33.362;20.264;00.086
330;33.369;20.386;00.033
332;33.368;20.508;00.053
334;33.337;20.63;00.049
336;33.366;20.752;00.051
338;33.366;20.874;00.052
340;33.369;20.996;00.031
342;33.349;21.118;00.042
344;33.353;21.24;00.07
346;33.384;21.362;00.039
348;33.391;21.484;00.094
350;33.398;21.606;00.044
352;33.358;21.729;00.035
354;33.39;21.851;00.005
356;33.401;21.973;00.04
358;33.372;22.095;00.041
360;33.356;22.217;00.104
362;33.359;22.339;00.104
364;33.346;22.461;00.051
366;33.382;22.583;00.057
368;33.375;22.705;00.051
370;33.368;22.827;00.038
372;33.347;22.949;00.076
374;33.339;23.071;00.073
376;33.374;23.193;00.081
378;33.387;23.315;00.095
380;33.378;23.438;00.032
382;33.382;23.56;00.067
384;33.396;23.682;00.12
386;33.412;23.804;00.086
388;33.412;23.926;00.035
390;33.396;24.048;00.051
392;33.36;24.17;00.105
394;33.377;24.292;00.143
396;33.369;24.414;00.079
398;33.387;24.536;00.022
400;33.387;24.658;00.092
402;33.378;24.78;00.056
404;33.387;24.902;00.028
406;33.352;25.024;00.081
408;33.378;25.146;00.104
410;33.406;25.269;00.111
412;33.363;25.391;00.1
414;33.378;25.513;00.073
416;33.379;25.635;00.024
418;33.382;25.757;00.011
420;33.403;25.879;00.046
422;33.409;26.001;00.037
424;33.375;26.123;00.117
426;33.379;26.245;00.083
428;33.409;26.367;00.059
430;33.406;26.489;00.088
432;33.397;26.611;00.061
434;33.396;26.733;00.062
436;33.407;26.855;00.024
438;33.406;26.978;00.031
440;33.378;27.1;00.054
442;33.381;27.222;00.14
444;33.39;27.344;00.07
446;33.396;27.466;00.115
448;33.396;27.588;00.131
450;33.398;27.71;00.037
452;33.379;27.832;00.076
454;33.384;27.954;00.072
456;33.384;28.076;00.011
458;33.352;28.198;00.029
460;33.363;28.32;00.059
462;33.384;28.442;00.052
464;33.382;28.564;00.063
466;33.356;28.687;00.02
468;33.359;28.809;00.07
470;33.365;28.931;00.073
472;33.39;29.053;00.1
474;33.365;29.175;00.103
476;33.377;29.297;00.061
478;33.397;29.419;00.032
480;33.375;29.541;00.027
482;33.366;29.663;00.017
484;33.353;29.785;00.033
486;33.353;29.907;00.087
488;33.363;30.029;00.036
490;33.356;30.151;00.023
492;33.39;30.273;00.055
494;33.391;30.396;00.066
496;33.385;30.518;00.03
498;33.39;30.64;00.02
500;33.404;30.762;00.061
502;33.379;30.884;00.024
504;33.369;31.006;00.054
506;33.397;31.128;00.095
508;33.385;31.25;00.046
510;33.35;31.372;00.088
512;33.356;31.494;00.104
514;33.363;31.616;00.03
516;33.372;31.738;00.13
518;33.371;31.86;00.081
520;33.379;31.982;00.028
522;33.346;32.104;00.046
524;33.371;32.227;00.031
526;33.355;32.349;00.058
528;33.359;32.471;00.099
530;33.365;32.593;00.074
532;33.378;32.715;00.031
534;33.369;32.837;00.034
536;33.381;32.959;00.057
538;33.365;33.081;00.058
540;33.377;33.203;00.054
542;33.343;33.325;00.055
544;33.35;33.447;00.088
546;33.327;33.569;00.069
548;33.34;33.691;00.091
550;33.343;33.813;00.079
552;33.336;33.936;00.063
554;33.349;34.058;00.063
556;33.375;34.18;00.047
558;33.377;34.302;00.053
560;33.391;34.424;00.044
562;33.377;34.546;00.018
564;33.35;34.668;00.089
566;33.33;34.79;00.053
568;33.327;34.912;00.07
570;33.337;35.034;00.075
572;33.346;35.156;00.053
574;33.369;35.278;00.061
576;33.366;35.4;00.106
578;33.331;35.522;00.033
580;33.312;35.645;00.136
582;33.349;35.767;00.06
584;33.382;35.889;00.071
586;33.336;36.011;00.063
588;33.358;36.133;00.046
590;33.353;36.255;00.063
592;33.371;36.377;00.103
594;33.382;36.499;00.077
596;33.393;36.621;00.096
598;33.429;36.743;00.059
600;33.36;36.865;00.019
602;33.366;36.987;00.051
604;33.406;37.109;00.065
606;33.429;37.231;00.03
608;33.366;37.354;00.047
610;33.377;37.476;00.078
612;33.366;37.598;00.06
614;33.369;37.72;00.061
616;33.369;37.842;00.056
618;33.355;37.964;00.087
620;33.371;38.086;00.134
622;33.356;38.208;00.084
624;33.347;38.33;00.041
626;33.378;38.452;00.013
628;33.359;38.574;00.043
630;33.377;38.696;00.023
632;33.384;38.818;00.02
634;33.387;38.94;00.016
636;33.391;39.062;00.048
638;33.371;39.185;00.078
640;33.377;39.307;00.052
642;33.369;39.429;00.048
644;33.365;39.551;00.078
646;33.377;39.673;00.065
648;33.398;39.795;00.07
650;33.381;39.917;00.064
652;33.379;40.039;00.047
654;33.371;40.161;00.022
656;33.346;40.283;00.059
658;33.369;40.405;00.05
660;33.384;40.527;00.137
662;33.377;40.649;00.076
664;33.382;40.771;00.014
666;33.371;40.894;00.022
668;33.371;41.016;00.063
670;33.353;41.138;00.054
672;33.36;41.26;00.05
674;33.394;41.382;00.042
676;33.4;41.504;00.049
678;33.394;41.626;00.086
680;33.394;41.748;00.079
682;33.409;41.87;00.067
684;33.407;41.992;00.053
686;33.391;42.114;00.008
688;33.409;42.236;00.039
690;33.412;42.358;00.063
692;33.407;42.48;00.142
694;33.4;42.603;00.126
696;33.396;42.725;00.042
698;33.396;42.847;00.054
700;33.368;42.969;00.14
702;33.384;43.091;00.106
704;33.368;43.213;00.008
706;33.385;43.335;00.02
708;33.401;43.457;00.033
710;33.366;43.579;00.09
712;33.409;43.701;00.092
714;33.39;43.823;00.047
716;33.391;43.945;00.034
718;33.397;44.067;00.027
720;33.363;44.189;00.031
722;33.393;44.312;00.087
724;33.387;44.434;00.106
726;33.413;44.556;00.054
728;33.423;44.678;00.014
730;33.394;44.8;00.048
732;33.409;44.922;00.055
734;33.39;45.044;00.028
736;33.391;45.166;00.033
738;33.391;45.288;00.093
740;33.407;45.41;00.103
742;33.407;45.532;00.065
744;33.407;45.654;00.06
746;33.416;45.776;00.039
748;33.384;45.898;00.063
750;33.378;46.021;00.102
752;33.388;46.143;00.056
754;33.398;46.265;00.037
756;33.4;46.387;00.016
758;33.425;46.509;00.027
760;33.371;46.631;00.044
762;33.359;46.753;00.038
764;33.368;46.875;00.025
766;33.381;46.997;00.039
768;33.355;47.119;00.026
770;33.394;47.241;00.048
772;33.394;47.363;00.029
774;33.358;47.485;00.021
776;33.371;47.607;00.105
778;33.375;47.729;00.083
780;33.352;47.852;00.086
782;33.394;47.974;00.106
784;33.398;48.096;00.093
786;33.401;48.218;00.129
788;33.434;48.34;00.107
790;33.416;48.462;00.076
792;33.429;48.584;00.03
794;33.426;48.706;00.049
796;33.406;48.828;00.036
798;33.391;48.95;00.045
800;33.406;49.072;00.016
802;33.413;49.194;00.033
804;33.397;49.316;00.035
806;33.381;49.438;00.039
808;33.409;49.561;00.025
810;33.384;49.683;00.047
812;33.371;49.805;00.05
814;33.359;49.927;00.727
816;33.391;50.049;00.248
818;33.409;50.171;01.117
820;33.359;50.293;02.25
822;33.371
824;33.371
826;33.379
828;33.382
830;33.372
832;33.378
834;33.417
836;33.401
838;33.394
840;33.4
842;33.403
844;33.393
846;33.384
848;33.359
850;33.365
852;33.394
854;33.39
856;33.39
858;33.397
860;33.4
862;33.388
864;33.381
866;33.375
868;33.363
870;33.375
872;33.393
874;33.407
876;33.436
878;33.417
880;33.406
882;33.381
884;33.409
886;33.398
888;33.397
890;33.378
892;33.375
894;33.363
896;33.374
898;33.379
900;33.388
902;33.394
904;33.398
906;33.409
908;33.391
910;33.382
912;33.393
914;33.409
916;33.415
918;33.4
920;33.409
922;33.39
924;33.401
926;33.41
928;33.407
930;33.425
932;33.4
934;33.396
936;33.409
938;33.396
940;33.404
942;33.401
944;33.4
946;33.398
948;33.393
950;33.4
952;33.4
954;33.397
956;33.412
958;33.387
960;33.406
962;33.391
964;33.415
966;33.4
968;33.407
970;33.396
972;33.404
974;33.388
976;33.42
978;33.431
980;33.403
982;33.438
984;33.39
986;33.4
988;33.39
990;33.401
992;33.404
994;33.387
996;33.368
998;33.396
1000;33.42
1002;33.428
1004;33.397
1006;33.393
1008;33.41
1010;33.431
1012;33.403
1014;33.423
1016;33.41
1018;33.396
1020;33.396
1022;33.412
1024;33.412
1026;33.41
1028;33.434
1030;33.425
1032;33.375
1034;33.375
1036;33.434
1038;33.396
1040;33.412
1042;33.401
1044;33.388
1046;33.379
1048;33.393
1050;33.391
1052;33.4
1054;33.375
1056;33.349
1058;33.384
1060;33.39
1062;33.368
1064;33.409
1066;33.397
1068;33.401
1070;33.374
1072;33.382
1074;33.4
1076;33.423
1078;33.406
1080;33.387
1082;33.397
1084;33.39
1086;33.379
1088;33.398
1090;33.369
1092;33.387
1094;33.388
1096;33.369
1098;33.419
1100;33.417
1102;33.406
1104;33.398
1106;33.412
1108;33.42
1110;33.401
1112;33.385
1114;33.398
1116;33.422
1118;33.415
1120;33.39
1122;33.387
1124;33.377
1126;33.366
1128;33.363
1130;33.372
1132;33.365
1134;33.393
1136;33.385
1138;33.375
1140;33.366
1142;33.415
1144;33.419
1146;33.409
1148;33.375
1150;33.385
1152;33.4
1154;33.406
1156;33.393
1158;33.4
1160;33.384
1162;33.394
1164;33.381
1166;33.393
1168;33.388
1170;33.388
1172;33.379
1174;33.381
1176;33.398
1178;33.404
1180;33.394
1182;33.401
1184;33.401
1186;33.385
1188;33.39
1190;33.417
1192;33.404
1194;33.42
1196;33.406
1198;33.391
1200;33.404
1202;33.393
1204;33.387
1206;33.39
1208;33.404
1210;33.4
1212;33.4
1214;33.379
1216;33.416
1218;33.423
1220;33.425
1222;33.4
1224;33.362
1226;33.385
1228;33.409
1230;33.394
1232;33.393
1234;33.377
1236;33.365
1238;33.396
1240;33.387
1242;33.366
1244;33.378
1246;33.36
1248;33.407
1250;33.371
1252;33.388
1254;33.42
1256;33.416
1258;33.4
1260;33.378
1262;33.371
1264;33.36
1266;33.356
1268;33.384
1270;33.394
1272;33.417
1274;33.403
1276;33.374
1278;33.369
1280;33.406
1282;33.403
1284;33.384
1286;33.382
1288;33.369
1290;33.39
1292;33.39
1294;33.397
1296;33.396
1298;33.385
1300;33.365
1302;33.382
1304;33.363
1306;33.371
1308;33.401
1310;33.416
1312;33.398
1314;33.417
1316;33.4
1318;33.372
1320;33.384
1322;33.381
1324;33.393
1326;33.409
1328;33.382
1330;33.393
1332;33.379
1334;33.403
1336;33.387
1338;33.419
1340;33.396
1342;33.382
1344;33.404
1346;33.382
1348;33.415
1350;33.397
1352;33.393
1354;33.413
1356;33.406
1358;33.378
1360;33.377
1362;33.362
1364;33.41
1366;33.406
1368;33.372
1370;33.377
1372;33.371
1374;33.377
1376;33.407
1378;33.377
1380;33.375
1382;33.355
1384;33.369
1386;33.398
1388;33.359
1390;33.347
1392;33.358
1394;33.368
1396;33.394
1398;33.352
1400;33.379
1402;33.391
1404;33.394
1406;33.391
1408;33.355
1410;33.381
1412;33.409
1414;33.39
1416;33.382
1418;33.391
1420;33.406
1422;33.379
1424;33.368
1426;33.365
1428;33.396
1430;33.388
1432;33.377
1434;33.374
1436;33.371
1438;33.382
1440;33.393
1442;33.404
1444;33.403
1446;33.385
1448;33.393
1450;33.397
1452;33.394
1454;33.388
1456;33.369
1458;33.382
1460;33.374
1462;33.4
1464;33.416
1466;33.398
1468;33.358
1470;33.382
1472;33.366
1474;33.368
1476;33.39
1478;33.404
1480;33.397
1482;33.41
1484;33.409
1486;33.419
1488;33.41
1490;33.388
1492;33.39
1494;33.432
1496;33.417
1498;33.407
1500;33.41
1502;33.388
1504;33.378
1506;33.362
1508;33.369
1510;33.393
1512;33.363
1514;33.374
1516;33.355
1518;33.352
1520;33.419
1522;33.401
1524;33.371
1526;33.377
1528;33.384
1530;33.388
1532;33.397
1534;33.375
1536;33.403
1538;33.377
1540;33.385
1542;33.369
1544;33.365
1546;33.385
1548;33.379
1550;33.381
1552;33.396
1554;33.415
1556;33.381
1558;33.394
1560;33.371
1562;33.41
1564;33.366
1566;33.388
1568;33.39
1570;33.396
1572;33.396
1574;33.39
1576;33.393
1578;33.396
1580;33.397
1582;33.388
1584;33.397
1586;33.422
1588;33.388
1590;33.385
1592;33.387
1594;33.409
1596;33.394
1598;33.388
1600;33.412
1602;33.393
1604;33.378
1606;33.415
1608;33.406
1610;33.409
1612;33.372
1614;33.36
1616;33.391
1618;33.382
1620;33.378
1622;33.387
1624;33.39
1626;33.36
1628;33.385
1630;33.375
1632;33.39
1634;33.391
1636;33.378
1638;33.398
1640;33.391
1642;33.396
1644;33.391
1646;33.401
1648;33.385
1650;33.36
1652;33.377
1654;33.393
1656;33.365
1658;33.365
1660;33.4
1662;33.396
1664;33.387
1666;33.382
1668;33.368
1670;33.391
1672;33.375
1674;33.353
1676;33.366
1678;33.388
1680;33.374
1682;33.346
1684;33.346
1686;33.366
1688;33.384
1690;33.382
1692;33.391
1694;33.382
1696;33.384
1698;33.393
1700;33.368
1702;33.372
1704;33.398
1706;33.382
1708;33.388
1710;33.372
1712;33.4
1714;33.385
1716;33.34
1718;33.365
1720;33.366
1722;33.369
1724;33.39
1726;33.394
1728;33.374
1730;33.388
1732;33.374
1734;33.368
1736;33.347
1738;33.387
1740;33.365
1742;33.369
1744;33.368
1746;33.385
1748;33.396
1750;33.391
1752;33.368
1754;33.381
1756;33.409
1758;33.394
1760;33.385
1762;33.398
1764;33.397
1766;33.41
1768;33.391
1770;33.394
1772;33.401
1774;33.398
1776;33.387
1778;33.385
1780;33.396
1782;33.394
1784;33.384
1786;33.379
1788;33.387
1790;33.387
1792;33.379
1794;33.374
1796;33.352
1798;33.387
1800;33.381
1802;33.375
1804;33.388
1806;33.381
1808;33.368
1810;33.369
1812;33.374
1814;33.397
1816;33.439
1818;33.388
1820;33.384
1822;33.384
1824;33.385
1826;33.384
1828;33.393
1830;33.388
1832;33.356
1834;33.353
1836;33.413
1838;33.385
1840;33.379
1842;33.369
1844;33.372
1846;33.382
1848;33.362
1850;33.372
1852;33.379
1854;33.366
1856;33.365
1858;33.365
1860;33.375
1862;33.394
1864;33.384
1866;33.406
1868;33.39
1870;33.387
1872;33.394
1874;33.385
1876;33.401
1878;33.352
1880;33.379
1882;33.369
1884;33.381
1886;33.416
1888;33.371
1890;33.372
1892;33.391
1894;33.365
1896;33.388
1898;33.393
1900;33.397
1902;33.365
1904;33.378
1906;33.387
1908;33.4
1910;33.391
1912;33.355
1914;33.379
1916;33.384
1918;33.379
1920;33.385
1922;33.381
1924;33.369
1926;33.365
1928;33.366
1930;33.344
1932;33.363
1934;33.381
1936;33.377
1938;33.352
1940;33.365
1942;33.34
1944;33.355
1946;33.353
1948;33.363
1950;33.381
1952;33.4
1954;33.397
1956;33.384
1958;33.379
1960;33.359
1962;33.358
1964;33.39
1966;33.35
1968;33.368
1970;33.391
1972;33.404
1974;33.379
1976;33.394
1978;33.41
1980;33.363
1982;33.379
1984;33.377
1986;33.372
1988;33.391
1990;33.394
1992;33.39
1994;33.39
1996;33.396
1998;33.385
2000;33.39
2002;33.379
2004;33.391
2006;33.387
2008;33.387
2010;33.387
2012;33.368
2014;33.352
2016;33.366
2018;33.369
2020;33.375
2022;33.384
2024;33.359
2026;33.394
2028;33.378
2030;33.387
2032;33.358
2034;33.382
2036;33.394
2038;33.358
2040;33.362
2042;33.391
2044;33.401
2046;33.387
2048;33.372
2050;33.371
2052;33.368
2054;33.378
2056;33.394
2058;33.4
2060;33.365
2062;33.372
2064;33.393
2066;33.381
2068;33.394
2070;33.391
2072;33.377
2074;33.363
2076;33.355
2078;33.377
2080;33.378
2082;33.381
2084;33.396
2086;33.368
2088;33.381
2090;33.374
2092;33.377
2094;33.382
2096;33.409
2098;33.401
2100;33.407
2102;33.393
2104;33.384
2106;33.381
2108;33.355
2110;33.344
2112;33.398
2114;33.394
2116;33.391
2118;33.387
2120;33.401
2122;33.391
2124;33.378
2126;33.379
2128;33.384
2130;33.382
2132;33.377
2134;33.355
2136;33.374
2138;33.39
2140;33.365
2142;33.391
2144;33.374
2146;33.374
2148;33.382
2150;33.394
2152;33.39
2154;33.368
2156;33.359
2158;33.356
2160;33.394
2162;33.393
2164;33.391
2166;33.363
2168;33.377
2170;33.397
2172;33.375
2174;33.366
2176;33.372
2178;33.398
2180;33.369
2182;33.372
2184;33.33
2186;33.362
2188;33.369
2190;33.384
2192;33.385
2194;33.398
2196;33.397
2198;33.382
2200;33.347
2202;33.366
2204;33.396
2206;33.381
2208;33.374
2210;33.368
2212;33.371
2214;33.372
2216;33.396
2218;33.407
2220;33.406
2222;33.359
2224;33.346
2226;33.356
2228;33.404
2230;33.4
2232;33.384
2234;33.377
2236;33.382
2238;33.365
2240;33.365
2242;33.369
2244;33.343
2246;33.397
2248;33.378
2250;33.362
2252;33.384
2254;33.371
2256;33.382
2258;33.4
2260;33.404
2262;33.4
2264;33.431
2266;33.41
2268;33.35
2270;33.377
2272;33.378
2274;33.366
2276;33.394
2278;33.371
2280;33.36
2282;33.39
2284;33.387
2286;33.365
2288;33.4
2290;33.379
2292;33.409
2294;33.388
2296;33.384
2298;33.353
2300;33.353
2302;33.359
2304;33.378
2306;33.39
2308;33.372
2310;33.387
2312;33.397
2314;33.41
2316;33.379
2318;33.397
2320;33.381
2322;33.385
2324;33.39
2326;33.353
2328;33.391
2330;33.377
2332;33.397
2334;33.381
2336;33.371
2338;33.385
2340;33.4
2342;33.396
2344;33.404
2346;33.394
2348;33.388
2350;33.374
2352;33.382
2354;33.388
2356;33.397
2358;33.381
2360;33.362
2362;33.346
2364;33.36
2366;33.394
2368;33.396
2370;33.416
2372;33.388
2374;33.393
2376;33.393
2378;33.368
2380;33.346
2382;33.366
2384;33.388
2386;33.381
2388;33.36
2390;33.382
2392;33.394
2394;33.385
2396;33.377
2398;33.375
2400;33.365
2402;33.359
2404;33.365
2406;33.381
2408;33.393
2410;33.398
2412;33.39
2414;33.384
2416;33.375
2418;33.362
2420;33.385
2422;33.387
2424;33.381
2426;33.36
2428;33.365
2430;33.375
2432;33.382
2434;33.378
2436;33.39
2438;33.374
2440;33.366
2442;33.374
2444;33.382
2446;33.384
2448;33.4
2450;33.401
2452;33.393
2454;33.388
2456;33.382
2458;33.356
2460;33.388
2462;33.394
2464;33.374
2466;33.359
2468;33.377
2470;33.385
2472;33.423
2474;33.388
2476;33.368
2478;33.372
2480;33.387
2482;33.358
2484;33.347
2486;33.381
2488;33.401
2490;33.363
2492;33.412
2494;33.403
2496;33.388
2498;33.387
2500;33.378
2502;33.356
2504;33.379
2506;33.375
2508;33.371
2510;33.4
2512;33.374
2514;33.393
2516;33.365
2518;33.359
2520;33.404
2522;33.404
2524;33.393
2526;33.387
2528;33.356
2530;33.371
2532;33.381
2534;33.391
2536;33.381
2538;33.371
2540;33.388
2542;33.391
2544;33.391
2546;33.382
2548;33.393
2550;33.39
2552;33.377
2554;33.393
2556;33.391
2558;33.409
2560;33.39
2562;33.394
2564;33.413
2566;33.406
2568;33.413
2570;33.41
2572;33.388
2574;33.391
2576;33.406
2578;33.371
2580;33.407
2582;33.416
2584;33.407
2586;33.409
2588;33.4
2590;33.385
2592;33.374
2594;33.394
2596;33.397
2598;33.42
2600;33.412
2602;33.393
2604;33.396
2606;33.39
2608;33.398
2610;33.425
2612;33.409
2614;33.393
2616;33.393
2618;33.394
2620;33.381
2622;33.401
2624;33.394
2626;33.4
2628;33.381
2630;33.368
2632;33.352
2634;33.394
2636;33.426
2638;33.425
2640;33.393
2642;33.425
2644;33.398
2646;33.394
2648;33.388
2650;33.394
2652;33.4
2654;33.391
2656;33.401
2658;33.431
2660;33.387
2662;33.363
2664;33.407
2666;33.378
2668;33.396
2670;33.387
2672;33.384
2674;33.394
2676;33.398
2678;33.403
2680;33.398
2682;33.403
2684;33.409
2686;33.377
2688;33.381
2690;33.365
2692;33.35
2694;33.375
2696;33.384
2698;33.36
2700;33.375
2702;33.417
2704;33.42
2706;33.391
2708;33.363
2710;33.384
2712;33.369
2714;33.366
2716;33.401
2718;33.347
2720;33.353
2722;33.397
2724;33.393
2726;33.391
2728;33.368
2730;33.404
2732;33.391
2734;33.384
2736;33.359
2738;33.393
2740;33.422
2742;33.409
2744;33.387
2746;33.388
2748;33.393
2750;33.404
2752;33.369
2754;33.412
2756;33.419
2758;33.404
2760;33.4
2762;33.388
2764;33.417
2766;33.404
2768;33.381
2770;33.358
2772;33.379
2774;33.375
2776;33.36
2778;33.387
2780;33.393
2782;33.4
2784;33.404
2786;33.404
2788;33.416
2790;33.406
2792;33.404
2794;33.377
2796;33.363
2798;33.365
2800;33.355
2802;33.371
2804;33.401
2806;33.403
2808;33.396
2810;33.375
2812;33.387
2814;33.406
2816;33.39
2818;33.398
2820;33.372
2822;33.381
2824;33.416
2826;33.394
2828;33.377
2830;33.369
2832;33.382
2834;33.397
2836;33.382
2838;33.366
2840;33.4
2842;33.409
2844;33.384
2846;33.412
2848;33.394
2850;33.415
2852;33.419
2854;33.423
2856;33.425
2858;33.396
2860;33.423
2862;33.403
2864;33.379
2866;33.391
2868;33.403
2870;33.42
2872;33.381
2874;33.363
2876;33.36
2878;33.371
2880;33.403
2882;33.394
2884;33.394
2886;33.398
2888;33.403
2890;33.406
2892;33.435
2894;33.412
2896;33.404
2898;33.406
2900;33.412
2902;33.417
2904;33.406
2906;33.384
2908;33.381
2910;33.381
2912;33.378
2914;33.385
2916;33.425
2918;33.409
2920;33.401
2922;33.384
2924;33.378
2926;33.387
2928;33.417
2930;33.403
2932;33.404
2934;33.425
2936;33.372
2938;33.398
2940;33.412
2942;33.413
2944;33.409
2946;33.41
2948;33.422
2950;33.426
2952;33.403
2954;33.378
2956;33.393
2958;33.401
2960;33.419
2962;33.403
2964;33.393
2966;33.384
2968;33.391
2970;33.428
2972;33.382
2974;33.359
2976;33.365
2978;33.398
2980;33.382
2982;33.384
2984;33.385
2986;33.365
2988;33.42
2990;33.413
2992;33.374
2994;33.379
2996;33.384
2998;33.407
3000;33.403
3002;33.397
3004;33.385
3006;33.394
3008;33.382
3010;33.379
3012;33.397
3014;33.415
3016;33.393
3018;33.371
3020;33.381
3022;33.378
3024;33.425
3026;33.431
3028;33.404
3030;33.409
3032;33.39
3034;33.349
3036;33.35
3038;33.377
3040;33.356
3042;33.388
3044;33.379
3046;33.391
3048;33.388
3050;33.388
3052;33.388
3054;33.407
3056;33.381
3058;33.374
3060;33.406
3062;33.413
3064;33.398
3066;33.379
3068;33.393
3070;33.369
3072;33.378
3074;33.387
3076;33.434
3078;33.41
3080;33.4
3082;33.407
3084;33.409
3086;33.4
3088;33.385
3090;33.397
3092;33.4
3094;33.394
3096;33.372
3098;33.4
3100;33.41
3102;33.401
3104;33.393
3106;33.393
3108;33.401
3110;33.39
3112;33.393
3114;33.374
3116;33.39
3118;33.423
3120;33.39
3122;33.416
3124;33.382
3126;33.36
3128;33.368
3130;33.369
3132;33.393
3134;33.4
3136;33.388
3138;33.394
3140;33.393
3142;33.412
3144;33.397
3146;33.374
3148;33.366
3150;33.381
3152;33.404
3154;33.397
3156;33.396
3158;33.415
3160;33.415
3162;33.378
3164;33.374
3166;33.382
3168;33.394
3170;33.375
3172;33.362
3174;33.379
3176;33.378
3178;33.396
3180;33.385
3182;33.379
3184;33.409
3186;33.398
3188;33.381
3190;33.381
3192;33.362
3194;33.362
3196;33.362
3198;33.349
3200;33.352
3202;33.368
3204;33.382
3206;33.375
3208;33.379
3210;33.398
3212;33.381
3214;33.387
3216;33.377
3218;33.381
3220;33.393
3222;33.419
3224;33.416
3226;33.384
3228;33.385
3230;33.347
3232;33.382
3234;33.391
3236;33.401
3238;33.384
3240;33.384
3242;33.384
3244;33.369
3246;33.377
3248;33.372
3250;33.387
3252;33.387
3254;33.381
3256;33.388
3258;33.369
3260;33.39
3262;33.384
3264;33.396
3266;33.404
3268;33.378
3270;33.374
3272;33.366
3274;33.387
3276;33.381
3278;33.377
3280;33.375
3282;33.4
3284;33.388
3286;33.362
3288;33.374
3290;33.372
3292;33.369
3294;33.368
3296;33.39
3298;33.384
3300;33.378
3302;33.381
3304;33.41
3306;33.404
3308;33.362
3310;33.356
3312;33.375
3314;33.36
3316;33.352
3318;33.363
3320;33.371
3322;33.377
3324;33.382
3326;33.355
3328;33.342
3330;33.378
3332;33.378
3334;33.382
3336;33.378
3338;33.379
3340;33.371
3342;33.377
3344;33.377
3346;33.358
3348;33.377
3350;33.382
3352;33.368
3354;33.382
3356;33.363
3358;33.39
3360;33.398
3362;33.393
3364;33.415
3366;33.388
3368;33.404
3370;33.375
3372;33.374
3374;33.353
3376;33.359
3378;33.331
3380;33.353
3382;33.382
3384;33.385
3386;33.355
3388;33.359
3390;33.368
3392;33.356
3394;33.369
3396;33.375
3398;33.381
3400;33.381
3402;33.375
3404;33.371
3406;33.384
3408;33.347
3410;33.349
3412;33.372
3414;33.362
3416;33.368
3418;33.365
3420;33.35
3422;33.369
3424;33.35
3426;33.371
3428;33.377
3430;33.406
3432;33.388
3434;33.362
3436;33.39
3438;33.422
3440;33.403
3442;33.385
3444;33.401
3446;33.415
3448;33.387
3450;33.371
3452;33.369
3454;33.358
3456;33.371
3458;33.34
3460;33.347
3462;33.365
3464;33.365
3466;33.368
3468;33.377
3470;33.347
3472;33.34
3474;33.362
3476;33.381
3478;33.371
3480;33.369
3482;33.368
3484;33.371
3486;33.372
3488;33.378
3490;33.359
3492;33.369
3494;33.388
3496;33.359
3498;33.382
3500;33.36
3502;33.359
3504;33.369
3506;33.368
3508;33.359
3510;33.375
3512;33.385
3514;33.349
3516;33.346
3518;33.36
3520;33.359
3522;33.359
3524;33.36
3526;33.359
3528;33.366
3530;33.362
3532;33.369
3534;33.368
3536;33.358
3538;33.347
3540;33.346
3542;33.355
3544;33.378
3546;33.371
3548;33.382
3550;33.41
3552;33.391
3554;33.394
3556;33.413
3558;33.36
3560;33.359
3562;33.363
3564;33.353
3566;33.353
3568;33.36
3570;33.355
3572;33.369
3574;33.366
3576;33.369
3578;33.347
3580;33.377
3582;33.365
3584;33.369
3586;33.331
3588;33.39
3590;33.337
3592;33.343
3594;33.374
3596;33.404
3598;33.358
3600;33.353
3602;33.372
3604;33.374
3606;33.379
3608;33.39
3610;33.375
3612;33.375
3614;33.369
3616;33.36
3618;33.355
3620;33.365
3622;33.379
3624;33.406
3626;33.375
3628;33.343
3630;33.346
3632;33.343
3634;33.366
3636;33.366
3638;33.384
3640;33.381
3642;33.396
3644;33.382
3646;33.374
3648;33.393
3650;33.379
3652;33.379
3654;33.374
3656;33.374
3658;33.36
3660;33.379
3662;33.358
3664;33.346
3666;33.363
3668;33.369
3670;33.353
3672;33.377
3674;33.374
3676;33.35
3678;33.356
3680;33.378
3682;33.374
3684;33.359
3686;33.396
3688;33.359
3690;33.352
3692;33.36
3694;33.368
3696;33.366
3698;33.368
3700;33.393
3702;33.374
3704;33.377
3706;33.385
3708;33.397
3710;33.397
3712;33.378
3714;33.388
3716;33.419
3718;33.419
3720;33.397
3722;33.397
3724;33.41
3726;33.409
3728;33.388
3730;33.374
3732;33.388
3734;33.377
3736;33.398
3738;33.394
3740;33.379
3742;33.369
3744;33.394
3746;33.369
3748;33.368
3750;33.349
3752;33.378
3754;33.369
3756;33.374
3758;33.384
3760;33.393
3762;33.394
3764;33.381
3766;33.355
3768;33.368
3770;33.363
3772;33.349
3774;33.33
3776;33.342
3778;33.352
3780;33.401
3782;33.39
3784;33.321
3786;33.306
3788;33.356
3790;33.36
3792;33.366
3794;33.388
3796;33.358
3798;33.398
3800;33.39
3802;33.352
3804;33.343
3806;33.356
3808;33.382
3810;33.359
3812;33.347
3814;33.366
3816;33.372
3818;33.378
3820;33.377
3822;33.378
3824;33.366
3826;33.356
3828;33.349
3830;33.324
3832;33.321
3834;33.36
3836;33.378
3838;33.356
3840;33.391
3842;33.36
3844;33.358
3846;33.378
3848;33.385
3850;33.342
3852;33.369
3854;33.355
3856;33.362
3858;33.356
3860;33.377
3862;33.363
3864;33.35
3866;33.344
3868;33.353
3870;33.359
3872;33.363
3874;33.356
3876;33.372
3878;33.372
3880;33.393
3882;33.381
3884;33.36
3886;33.372
3888;33.362
3890;33.365
3892;33.342
3894;33.365
3896;33.371
3898;33.355
3900;33.363
3902;33.375
3904;33.369
3906;33.356
3908;33.368
3910;33.4
3912;33.359
3914;33.379
3916;33.375
3918;33.356
3920;33.378
3922;33.374
3924;33.381
3926;33.4
3928;33.374
3930;33.381
3932;33.397
3934;33.397
3936;33.406
3938;33.397
3940;33.382
3942;33.393
3944;33.413
3946;33.387
3948;33.387
3950;33.41
3952;33.415
3954;33.41
3956;33.393
3958;33.39
3960;33.384
3962;33.403
3964;33.393
3966;33.415
3968;33.394
3970;33.393
3972;33.409
3974;33.401
3976;33.394
3978;33.4
3980;33.39
3982;33.384
3984;33.39
3986;33.382
3988;33.359
3990;33.368
3992;33.391
3994;33.403
3996;33.378
3998;33.352
4000;33.385
4002;33.378
4004;33.385
4006;33.409
4008;33.407
4010;33.356
4012;33.381
4014;33.398
4016;33.403
4018;33.407
4020;33.4
4022;33.429
4024;33.387
4026;33.432
4028;33.413
4030;33.391
4032;33.393
4034;33.41
4036;33.398
4038;33.363
4040;33.378
4042;33.416
4044;33.394
4046;33.372
4048;33.388
4050;33.388
4052;33.382
4054;33.385
4056;33.41
4058;33.387
4060;33.391
4062;33.379
4064;33.385
4066;33.379
4068;33.387
4070;33.4
4072;33.404
4074;33.404
4076;33.394
4078;33.363
4080;33.372
4082;33.377
4084;33.368
4086;33.398
4088;33.391
4090;33.394
4092;33.387
4094;33.394
4096;33.419
4098;33.417
4100;33.36
4102;33.368
4104;33.366
4106;33.362
4108;33.36
4110;33.39
4112;33.409
4114;33.419
4116;33.382
4118;33.387
4120;33.398
4122;33.401
4124;33.429
4126;33.4
4128;33.391
4130;33.393
4132;33.4
4134;33.385
4136;33.412
4138;33.384
4140;33.419
4142;33.42
4144;33.431
4146;33.366
4148;33.401
4150;33.398
4152;33.41
4154;33.425
4156;33.407
4158;33.406
4160;33.425
4162;33.404
4164;33.416
4166;33.41
4168;33.404
4170;33.397
4172;33.429
4174;33.413
4176;33.388
4178;33.404
4180;33.368
4182;33.388
4184;33.416
4186;33.419
4188;33.406
4190;33.393
4192;33.385
4194;33.432
4196;33.428
4198;33.417
4200;33.404
4202;33.397
4204;33.4
4206;33.401
4208;33.404
4210;33.387
4212;33.406
4214;33.428
4216;33.422
4218;33.415
4220;33.381
4222;33.365
4224;33.39
4226;33.379
4228;33.406
4230;33.426
4232;33.428
4234;33.432
4236;33.4
4238;33.41
4240;33.4
4242;33.435
4244;33.403
4246;33.401
4248;33.4
4250;33.404
4252;33.401
4254;33.417
4256;33.375
4258;33.387
4260;33.4
4262;33.396
4264;33.412
4266;33.413
4268;33.388
4270;33.393
4272;33.412
4274;33.403
4276;33.41
4278;33.416
4280;33.42
4282;33.435
4284;33.442
4286;33.419
4288;33.429
4290;33.442
4292;33.435
4294;33.403
4296;33.393
4298;33.401
4300;33.416
4302;33.403
4304;33.412
4306;33.431
4308;33.442
4310;33.436
4312;33.401
4314;33.426
4316;33.431
4318;33.438
4320;33.409
4322;33.413
4324;33.422
4326;33.397
4328;33.404
4330;33.407
4332;33.403
4334;33.407
4336;33.398
4338;33.404
4340;33.396
4342;33.372
4344;33.39
4346;33.394
4348;33.378
4350;33.378
4352;33.393
4354;33.401
4356;33.396
4358;33.398
4360;33.403
4362;33.394
4364;33.384
4366;33.417
4368;33.409
4370;33.4
4372;33.384
4374;33.406
4376;33.387
4378;33.371
4380;33.382
4382;33.397
4384;33.415
4386;33.404
4388;33.396
4390;33.375
4392;33.404
4394;33.41
4396;33.398
4398;33.398
4400;33.416
4402;33.388
4404;33.369
4406;33.375
4408;33.375
4410;33.378
4412;33.398
4414;33.36
4416;33.404
4418;33.381
4420;33.378
4422;33.372
4424;33.398
4426;33.401
4428;33.404
4430;33.413
4432;33.391
4434;33.401
4436;33.407
4438;33.422
4440;33.423
4442;33.378
4444;33.385
4446;33.409
4448;33.45
4450;33.409
4452;33.371
4454;33.359
4456;33.384
4458;33.407
4460;33.403
4462;33.4
4464;33.413
4466;33.438
4468;33.407
4470;33.422
4472;33.419
4474;33.39
4476;33.4
4478;33.394
4480;33.403
4482;33.372
4484;33.381
4486;33.406
4488;33.382
4490;33.39
4492;33.412
4494;33.394
4496;33.393
4498;33.381
4500;33.4
4502;33.415
4504;33.407
4506;33.391
4508;33.381
4510;33.441
4512;33.416
4514;33.388
4516;33.39
4518;33.423
4520;33.417
4522;33.412
4524;33.39
4526;33.394
4528;33.387
4530;33.412
4532;33.432
4534;33.416
4536;33.42
4538;33.412
4540;33.447
4542;33.391
4544;33.381
4546;33.384
4548;33.42
4550;33.415
4552;33.375
4554;33.396
4556;33.415
4558;33.381
4560;33.391
4562;33.41
4564;33.397
4566;33.403
4568;33.398
4570;33.403
4572;33.382
4574;33.404
4576;33.378
4578;33.375
4580;33.363
4582;33.362
4584;33.397
4586;33.401
4588;33.413
4590;33.352
4592;33.394
4594;33.366
4596;33.41
4598;33.4
4600;33.377
4602;33.391
4604;33.36
4606;33.369
4608;33.352
4610;33.352
4612;33.385
4614;33.384
4616;33.382
4618;33.394
4620;33.381
4622;33.384
4624;33.385
4626;33.391
4628;33.382
4630;33.378
4632;33.371
4634;33.404
4636;33.374
4638;33.379
4640;33.356
4642;33.362
4644;33.394
4646;33.387
4648;33.382
4650;33.391
4652;33.356
4654;33.404
4656;33.401
4658;33.382
4660;33.384
4662;33.401
4664;33.393
4666;33.359
4668;33.39
4670;33.396
4672;33.388
4674;33.412
4676;33.378
4678;33.394
4680;33.393
4682;33.379
4684;33.377
4686;33.365
4688;33.369
4690;33.382
4692;33.388
4694;33.378
4696;33.375
4698;33.387
4700;33.409
4702;33.415
4704;33.39
4706;33.394
4708;33.377
4710;33.382
4712;33.391
4714;33.388
4716;33.398
4718;33.39
4720;33.413
4722;33.412
4724;33.397
4726;33.397
4728;33.413
4730;33.378
4732;33.403
4734;33.391
4736;33.409
4738;33.382
4740;33.387
4742;33.393
4744;33.406
4746;33.4
4748;33.397
4750;33.409
4752;33.41
4754;33.403
4756;33.344
4758;33.365
4760;33.379
4762;33.382
4764;33.358
4766;33.366
4768;33.375
4770;33.387
4772;33.372
4774;33.359
4776;33.379
4778;33.39
4780;33.355
4782;33.374
4784;33.39
4786;33.388
4788;33.398
4790;33.404
4792;33.388
4794;33.388
4796;33.41
4798;33.384
4800;33.371
4802;33.371
4804;33.398
4806;33.393
4808;33.378
4810;33.384
4812;33.374
4814;33.412
4816;33.413
4818;33.377
4820;33.388
4822;33.4
4824;33.398
4826;33.39
4828;33.388
4830;33.409
4832;33.4
4834;33.397
4836;33.398
4838;33.428
4840;33.426
4842;33.413
4844;33.387
4846;33.397
4848;33.394
4850;33.371
4852;33.393
4854;33.384
4856;33.365
4858;33.406
4860;33.382
4862;33.413
4864;33.412
4866;33.371
4868;33.356
4870;33.384
4872;33.396
4874;33.407
4876;33.382
4878;33.375
4880;33.355
4882;33.356
4884;33.372
4886;33.363
4888;33.391
4890;33.39
4892;33.378
4894;33.36
4896;33.36
4898;33.382
4900;33.339
4902;33.36
4904;33.372
4906;33.369
4908;33.384
4910;33.371
4912;33.388
4914;33.393
4916;33.398
4918;33.343
4920;33.413
4922;33.375
4924;33.391
4926;33.394
4928;33.387
4930;33.397
4932;33.366
4934;33.368
4936;33.342
4938;33.352
4940;33.324
4942;33.344
4944;33.377
4946;33.39
4948;33.39
4950;33.388
4952;33.358
4954;33.385
4956;33.374
4958;33.353
4960;33.406
4962;33.397
4964;33.381
4966;33.4
4968;33.379
4970;33.385
4972;33.397
4974;33.413
4976;33.406
4978;33.368
4980;33.356
4982;33.385
4984;33.384
4986;33.374
4988;33.4
4990;33.397
4992;33.397
4994;33.393
4996;33.394
4998;33.397
5000;33.368
5002;33.365
5004;33.384
5006;33.407
5008;33.385
5010;33.384
5012;33.388
5014;33.377
5016;33.377
5018;33.4
5020;33.368
5022;33.374
5024;33.371
5026;33.372
5028;33.387
5030;33.365
5032;33.387
5034;33.425
5036;33.406
5038;33.363
5040;33.368
5042;33.371
5044;33.382
5046;33.397
5048;33.409
5050;33.378
5052;33.407
5054;33.385
5056;33.407
5058;33.394
5060;33.362
5062;33.368
5064;33.371
5066;33.391
5068;33.394
5070;33.397
5072;33.359
5074;33.362
5076;33.391
5078;33.391
5080;33.384
5082;33.398
5084;33.416
5086;33.385
5088;33.369
5090;33.359
5092;33.382
5094;33.388
5096;33.378
5098;33.369
5100;33.371
5102;33.378
5104;33.384
5106;33.355
5108;33.363
5110;33.393
5112;33.372
5114;33.363
5116;33.371
5118;33.371
5120;33.362
5122;33.377
5124;33.398
5126;33.388
5128;33.416
5130;33.387
5132;33.359
5134;33.368
5136;33.388
5138;33.388
5140;33.384
5142;33.378
5144;33.375
5146;33.385
5148;33.394
5150;33.382
5152;33.371
5154;33.382
5156;33.366
5158;33.363
5160;33.369
5162;33.378
5164;33.407
5166;33.369
5168;33.362
5170;33.33
5172;33.368
5174;33.39
5176;33.385
5178;33.388
5180;33.396
5182;33.353
5184;33.36
5186;33.346
5188;33.35
5190;33.35
5192;33.372
5194;33.4
5196;33.385
5198;33.355
5200;33.375
5202;33.362
5204;33.353
5206;33.356
5208;33.372
5210;33.368
5212;33.352
5214;33.355
5216;33.34
5218;33.365
5220;33.352
5222;33.369
5224;33.379
5226;33.388
5228;33.385
5230;33.382
5232;33.356
5234;33.368
5236;33.371
5238;33.363
5240;33.388
5242;33.377
5244;33.355
5246;33.409
5248;33.398
5250;33.378
5252;33.384
5254;33.401
5256;33.36
5258;33.362
5260;33.362
5262;33.378
5264;33.378
5266;33.371
5268;33.379
5270;33.385
5272;33.366
5274;33.379
5276;33.372
5278;33.368
5280;33.344
5282;33.375
5284;33.397
5286;33.371
5288;33.381
5290;33.377
5292;33.379
5294;33.359
5296;33.374
5298;33.374
5300;33.417
5302;33.368
5304;33.374
5306;33.39
5308;33.403
5310;33.378
5312;33.366
5314;33.349
5316;33.378
5318;33.384
5320;33.393
5322;33.362
5324;33.353
5326;33.352
5328;33.39
5330;33.401
5332;33.39
5334;33.398
5336;33.368
5338;33.391
5340;33.397
5342;33.407
5344;33.404
5346;33.406
5348;33.394
5350;33.394
5352;33.375
5354;33.398
5356;33.404
5358;33.366
5360;33.384
5362;33.371
5364;33.369
5366;33.385
5368;33.394
5370;33.416
5372;33.398
5374;33.384
5376;33.388
5378;33.366
5380;33.374
5382;33.387
5384;33.378
5386;33.363
5388;33.356
5390;33.371
5392;33.377
5394;33.385
5396;33.401
5398;33.407
5400;33.394
5402;33.396
5404;33.366
5406;33.375
5408;33.372
5410;33.39
5412;33.372
5414;33.375
5416;33.365
5418;33.387
5420;33.384
5422;33.362
5424;33.378
5426;33.394
5428;33.35
5430;33.381
5432;33.377
5434;33.388
5436;33.378
5438;33.379
5440;33.372
5442;33.333
5444;33.358
5446;33.347
5448;33.36
5450;33.35
5452;33.388
5454;33.377
5456;33.384
5458;33.346
5460;33.349
5462;33.375
5464;33.378
5466;33.375
5468;33.358
5470;33.406
5472;33.362
5474;33.358
5476;33.356
5478;33.396
5480;33.388
5482;33.406
5484;33.384
5486;33.419
5488;33.393
5490;33.385
5492;33.375
5494;33.39
5496;33.401
5498;33.415
5500;33.35
5502;33.368
5504;33.374
5506;33.352
5508;33.398
5510;33.363
5512;33.368
5514;33.388
5516;33.398
5518;33.346
5520;33.368
5522;33.362
5524;33.359
5526;33.381
5528;33.388
5530;33.397
5532;33.403
5534;33.403
5536;33.425
5538;33.381
5540;33.396
5542;33.394
5544;33.388
5546;33.41
5548;33.396
5550;33.387
5552;33.396
5554;33.391
5556;33.387
5558;33.422
5560;33.394
5562;33.377
5564;33.382
5566;33.379
5568;33.41
5570;33.4
5572;33.401
5574;33.425
5576;33.403
5578;33.407
5580;33.379
5582;33.385
5584;33.368
5586;33.391
5588;33.42
5590;33.403
5592;33.387
5594;33.35
5596;33.353
5598;33.362
5600;33.398
5602;33.398
5604;33.379
5606;33.352
5608;33.381
5610;33.371
5612;33.358
5614;33.362
5616;33.374
5618;33.382
5620;33.403
5622;33.396
5624;33.382
5626;33.393
5628;33.416
5630;33.381
5632;33.374
5634;33.385
5636;33.393
5638;33.375
5640;33.374
5642;33.394
5644;33.371
5646;33.401
5648;33.398
5650;33.365
5652;33.387
5654;33.394
5656;33.39
5658;33.393
5660;33.379
5662;33.393
5664;33.371
5666;33.378
5668;33.371
5670;33.406
5672;33.391
5674;33.388
5676;33.336
5678;33.327
5680;33.378
5682;33.398
5684;33.394
5686;33.356
5688;33.39
5690;33.406
5692;33.381
5694;33.344
5696;33.375
5698;33.428
5700;33.42
5702;33.39
5704;33.39
5706;33.409
5708;33.385
5710;33.409
5712;33.404
5714;33.365
5716;33.359
5718;33.372
5720;33.379
5722;33.39
5724;33.422
5726;33.429
5728;33.42
5730;33.375
5732;33.387
5734;33.375
5736;33.363
5738;33.363
5740;33.371
5742;33.393
5744;33.404
5746;33.393
5748;33.358
5750;33.366
5752;33.397
5754;33.422
5756;33.382
5758;33.385
5760;33.371
5762;33.403
5764;33.393
5766;33.398
5768;33.384
5770;33.371
5772;33.39
5774;33.377
5776;33.36
5778;33.35
5780;33.377
5782;33.368
5784;33.382
5786;33.363
5788;33.409
5790;33.388
5792;33.406
5794;33.397
5796;33.379
5798;33.374
5800;33.36
5802;33.365
5804;33.39
5806;33.415
5808;33.391
5810;33.379
5812;33.396
5814;33.387
5816;33.417
5818;33.463
5820;33.41
5822;33.416
5824;33.426
5826;33.417
5828;33.4
5830;33.403
5832;33.359
5834;33.416
5836;33.409
5838;33.403
5840;33.356
5842;33.36
5844;33.4
5846;33.365
5848;33.396
5850;33.379
5852;33.371
5854;33.353
5856;33.387
5858;33.377
5860;33.374
5862;33.391
5864;33.407
5866;33.374
5868;33.394
5870;33.391
5872;33.409
5874;33.375
5876;33.397
5878;33.412
5880;33.413
5882;33.394
5884;33.391
5886;33.387
5888;33.401
5890;33.398
5892;33.391
5894;33.391
5896;33.413
5898;33.396
5900;33.384
5902;33.397
5904;33.396
5906;33.416
5908;33.444
5910;33.381
5912;33.406
5914;33.415
5916;33.406
5918;33.42
5920;33.394
5922;33.417
5924;33.381
5926;33.374
5928;33.382
5930;33.394
5932;33.432
5934;33.393
5936;33.393
5938;33.4
5940;33.403
5942;33.42
5944;33.423
5946;33.423
5948;33.393
5950;33.366
5952;33.375
5954;33.39
5956;33.419
5958;33.407
5960;33.406
5962;33.374
5964;33.377
5966;33.378
5968;33.384
5970;33.4
5972;33.393
5974;33.377
5976;33.403
5978;33.393
5980;33.393
5982;33.391
5984;33.378
5986;33.365
5988;33.387
5990;33.36
5992;33.368
5994;33.365
5996;33.384
5998;33.403
6000;33.365
6002;33.359
6004;33.404
6006;33.393
6008;33.374
6010;33.382
6012;33.4
6014;33.401
6016;33.403
6018;33.403
6020;33.401
6022;33.39
6024;33.401
6026;33.372
6028;33.379
6030;33.393
6032;33.401
6034;33.377
6036;33.363
6038;33.403
6040;33.382
6042;33.394
6044;33.429
6046;33.429
6048;33.444
6050;33.423
6052;33.425
6054;33.378
6056;33.401
6058;33.39
6060;33.382
6062;33.378
6064;33.362
6066;33.403
6068;33.416
6070;33.428
6072;33.423
6074;33.426
6076;33.409
6078;33.394
6080;33.412
6082;33.379
6084;33.398
6086;33.41
6088;33.398
6090;33.387
6092;33.439
6094;33.422
6096;33.372
6098;33.382
6100;33.416
6102;33.406
6104;33.39
6106;33.385
6108;33.371
6110;33.398
6112;33.412
6114;33.39
6116;33.387
6118;33.384
6120;33.403
6122;33.396
6124;33.401
6126;33.406
6128;33.381
6130;33.396
6132;33.384
6134;33.401
6136;33.404
6138;33.419
6140;33.42
6142;33.406
6144;33.401
6146;33.366
6148;33.384
6150;33.371
6152;33.388
6154;33.397
6156;33.398
6158;33.398
6160;33.428
6162;33.429
6164;33.412
6166;33.409
6168;33.432
6170;33.403
6172;33.363
6174;33.374
6176;33.352
6178;33.385
6180;33.398
6182;33.393
6184;33.371
6186;33.409
6188;33.416
6190;33.397
6192;33.39
6194;33.4
6196;33.397
6198;33.36
6200;33.375
6202;33.374
6204;33.34
6206;33.342
6208;33.369
6210;33.39
6212;33.377
6214;33.396
6216;33.396
6218;33.382
6220;33.374
6222;33.379
6224;33.401
6226;33.394
6228;33.407
6230;33.413
6232;33.412
6234;33.41
6236;33.417
6238;33.404
6240;33.381
6242;33.382
6244;33.391
6246;33.397
6248;33.381
6250;33.4
6252;33.388
6254;33.377
6256;33.377
6258;33.391
6260;33.401
6262;33.381
6264;33.425
6266;33.401
6268;33.409
6270;33.388
6272;33.369
6274;33.394
6276;33.406
6278;33.396
6280;33.372
6282;33.375
6284;33.371
6286;33.372
6288;33.366
6290;33.4
6292;33.39
6294;33.359
6296;33.372
6298;33.398
6300;33.4
6302;33.401
6304;33.387
6306;33.403
6308;33.391
6310;33.396
6312;33.359
6314;33.362
6316;33.381
6318;33.374
6320;33.36
6322;33.39
6324;33.356
6326;33.407
6328;33.409
6330;33.394
6332;33.397
6334;33.379
6336;33.385
6338;33.36
6340;33.356
6342;33.365
6344;33.382
6346;33.41
6348;33.415
6350;33.381
6352;33.406
6354;33.419
6356;33.434
6358;33.412
6360;33.41
6362;33.423
6364;33.431
6366;33.39
6368;33.368
6370;33.365
6372;33.381
6374;33.358
6376;33.371
6378;33.401
6380;33.359
6382;33.412
6384;33.398
6386;33.409
6388;33.391
6390;33.39
6392;33.4
6394;33.363
6396;33.369
6398;33.368
6400;33.372
6402;33.374
6404;33.374
6406;33.381
6408;33.374
6410;33.356
6412;33.391
6414;33.407
6416;33.406
6418;33.413
6420;33.398
6422;33.363
6424;33.377
6426;33.381
6428;33.422
6430;33.404
6432;33.394
6434;33.397
6436;33.406
6438;33.379
6440;33.41
6442;33.393
6444;33.425
6446;33.419
6448;33.398
6450;33.415
6452;33.374
6454;33.353
6456;33.358
6458;33.391
6460;33.415
6462;33.39
6464;33.366
6466;33.415
6468;33.398
6470;33.42
6472;33.381
6474;33.381
6476;33.371
6478;33.374
6480;33.377
6482;33.397
6484;33.441
6486;33.381
6488;33.375
6490;33.363
6492;33.385
6494;33.362
6496;33.379
6498;33.372
6500;33.377
6502;33.412
6504;33.382
6506;33.393
6508;33.396
6510;33.375
6512;33.365
6514;33.384
6516;33.368
6518;33.403
6520;33.387
6522;33.363
6524;33.394
6526;33.371
6528;33.374
6530;33.374
6532;33.407
6534;33.363
6536;33.363
6538;33.374
6540;33.381
6542;33.379
6544;33.362
6546;33.368
6548;33.387
6550;33.391
6552;33.362
6554;33.358
6556;33.387
6558;33.377
6560;33.401
6562;33.385
6564;33.391
6566;33.385
6568;33.384
6570;33.349
6572;33.36
6574;33.342
6576;33.372
6578;33.419
6580;33.366
6582;33.35
6584;33.382
6586;33.365
6588;33.372
6590;33.375
6592;33.356
6594;33.374
6596;33.353
6598;33.363
6600;33.393
6602;33.382
6604;33.379
6606;33.365
6608;33.379
6610;33.371
6612;33.358
6614;33.344
6616;33.346
6618;33.391
6620;33.39
6622;33.375
6624;33.369
6626;33.404
6628;33.39
6630;33.358
6632;33.35
6634;33.365
6636;33.381
6638;33.393
6640;33.384
6642;33.381
6644;33.379
6646;33.375
6648;33.382
6650;33.375
6652;33.346
6654;33.358
6656;33.359
6658;33.377
6660;33.393
6662;33.375
6664;33.384
6666;33.393
6668;33.394
6670;33.365
6672;33.359
6674;33.377
6676;33.366
6678;33.375
6680;33.375
6682;33.366
6684;33.359
6686;33.36
6688;33.346
6690;33.328
6692;33.35
6694;33.321
6696;33.344
6698;33.372
6700;33.375
6702;33.356
6704;33.356
6706;33.378
6708;33.39
6710;33.372
6712;33.381
6714;33.374
6716;33.356
6718;33.359
6720;33.34
6722;33.36
6724;33.35
6726;33.365
6728;33.388
6730;33.374
6732;33.356
6734;33.384
6736;33.413
6738;33.368
6740;33.356
6742;33.353
6744;33.372
6746;33.356
6748;33.375
6750;33.398
6752;33.378
6754;33.363
6756;33.363
6758;33.359
6760;33.356
6762;33.352
6764;33.366
6766;33.401
6768;33.343
6770;33.339
6772;33.347
6774;33.377
6776;33.374
6778;33.362
6780;33.343
6782;33.336
6784;33.347
6786;33.333
6788;33.325
6790;33.35
6792;33.358
6794;33.35
6796;33.347
6798;33.363
6800;33.371
6802;33.368
6804;33.346
6806;33.356
6808;33.353
6810;33.378
6812;33.365
6814;33.334
6816;33.325
6818;33.35
6820;33.336
6822;33.381
6824;33.385
6826;33.349
6828;33.363
6830;33.35
6832;33.34
6834;33.393
6836;33.391
6838;33.404
6840;33.374
6842;33.35
6844;33.344
6846;33.384
6848;33.352
6850;33.366
6852;33.381
6854;33.379
6856;33.36
6858;33.355
6860;33.356
6862;33.347
6864;33.374
6866;33.372
6868;33.365
6870;33.387
6872;33.359
6874;33.346
6876;33.349
6878;33.362
6880;33.384
6882;33.393
6884;33.396
6886;33.368
6888;33.406
6890;33.366
6892;33.374
6894;33.372
6896;33.368
6898;33.358
6900;33.366
6902;33.365
6904;33.374
6906;33.346
6908;33.36
6910;33.343
6912;33.35
6914;33.355
6916;33.377
6918;33.384
6920;33.359
6922;33.349
6924;33.353
6926;33.382
6928;33.36
6930;33.372
6932;33.412
6934;33.393
6936;33.394
6938;33.382
6940;33.356
6942;33.4
6944;33.371
6946;33.375
6948;33.377
6950;33.374
6952;33.372
6954;33.374
6956;33.358
6958;33.366
6960;33.362
6962;33.362
6964;33.384
6966;33.377
6968;33.382
6970;33.391
6972;33.347
6974;33.372
6976;33.382
6978;33.377
6980;33.371
6982;33.371
6984;33.397
6986;33.382
6988;33.355
6990;33.365
6992;33.377
6994;33.371
6996;33.387
6998;33.374
7000;33.372
7002;33.372
7004;33.41
7006;33.384
7008;33.398
7010;33.377
7012;33.363
7014;33.334
7016;33.363
7018;33.385
7020;33.378
7022;33.391
7024;33.387
7026;33.378
7028;33.394
7030;33.396
7032;33.393
7034;33.372
7036;33.359
7038;33.355
7040;33.377
7042;33.363
7044;33.388
7046;33.396
7048;33.381
7050;33.362
7052;33.382
7054;33.355
7056;33.374
7058;33.39
7060;33.381
7062;33.377
7064;33.366
7066;33.346
7068;33.377
7070;33.378
7072;33.372
7074;33.375
7076;33.385
7078;33.347
7080;33.381
7082;33.35
7084;33.396
7086;33.363
7088;33.368
7090;33.374
7092;33.356
7094;33.377
7096;33.372
7098;33.387
7100;33.374
7102;33.368
7104;33.382
7106;33.381
7108;33.35
7110;33.378
7112;33.382
7114;33.384
7116;33.388
7118;33.377
7120;33.415
7122;33.378
7124;33.375
7126;33.372
7128;33.369
7130;33.398
7132;33.372
7134;33.396
7136;33.41
7138;33.417
7140;33.397
7142;33.347
7144;33.374
7146;33.375
7148;33.375
7150;33.377
7152;33.397
7154;33.385
7156;33.368
7158;33.391
7160;33.409
7162;33.393
7164;33.39
7166;33.385
7168;33.362
7170;33.387
7172;33.382
7174;33.366
7176;33.388
7178;33.39
7180;33.379
7182;33.398
7184;33.422
7186;33.41
7188;33.409
7190;33.398
7192;33.382
7194;33.404
7196;33.398
7198;33.413
7200;33.419
7202;33.419
7204;33.407
7206;33.388
7208;33.385
7210;33.391
7212;33.384
7214;33.385
7216;33.417
7218;33.385
7220;33.397
7222;33.416
7224;33.397
7226;33.413
7228;33.403
7230;33.404
7232;33.42
7234;33.381
7236;33.403
7238;33.398
7240;33.404
7242;33.409
7244;33.393
7246;33.36
7248;33.388
7250;33.4
7252;33.391
7254;33.396
7256;33.382
7258;33.398
7260;33.393
7262;33.397
7264;33.403
7266;33.41
7268;33.429
7270;33.39
7272;33.394
7274;33.388
7276;33.381
7278;33.415
7280;33.396
7282;33.397
7284;33.377
7286;33.385
7288;33.394
7290;33.372
7292;33.378
7294;33.372
7296;33.396
7298;33.372
7300;33.387
7302;33.394
7304;33.39
7306;33.415
7308;33.429
7310;33.4
7312;33.339
7314;33.353
7316;33.36
7318;33.363
7320;33.385
7322;33.377
7324;33.381
7326;33.385
7328;33.372
7330;33.388
7332;33.397
7334;33.36
7336;33.385
7338;33.396
7340;33.365
7342;33.394
7344;33.368
7346;33.365
7348;33.39
7350;33.377
7352;33.384
7354;33.372
7356;33.372
7358;33.379
7360;33.391
7362;33.355
7364;33.34
7366;33.378
7368;33.391
7370;33.358
7372;33.381
7374;33.385
7376;33.385
7378;33.409
7380;33.404
7382;33.385
7384;33.378
7386;33.41
7388;33.391
7390;33.378
7392;33.385
7394;33.394
7396;33.403
7398;33.42
7400;33.409
7402;33.416
7404;33.388
7406;33.415
7408;33.401
7410;33.379
7412;33.388
7414;33.387
7416;33.39
7418;33.381
7420;33.363
7422;33.4
7424;33.375
7426;33.377
7428;33.384
7430;33.359
7432;33.4
7434;33.391
7436;33.422
7438;33.422
7440;33.425
7442;33.397
7444;33.387
7446;33.401
7448;33.425
7450;33.42
7452;33.425
7454;33.434
7456;33.417
7458;33.419
7460;33.403
7462;33.378
7464;33.366
7466;33.406
7468;33.391
7470;33.379
7472;33.393
7474;33.406
7476;33.401
7478;33.387
7480;33.39
7482;33.397
7484;33.401
7486;33.412
7488;33.441
7490;33.434
7492;33.422
7494;33.397
7496;33.406
7498;33.407
7500;33.375
7502;33.404
7504;33.412
7506;33.435
7508;33.401
7510;33.387
7512;33.416
7514;33.412
7516;33.375
7518;33.413
7520;33.413
7522;33.403
7524;33.384
7526;33.432
7528;33.447
7530;33.432
7532;33.387
7534;33.401
7536;33.426
7538;33.401
7540;33.39
7542;33.4
7544;33.387
7546;33.391
7548;33.416
7550;33.434
7552;33.415
7554;33.394
7556;33.396
7558;33.42
7560;33.4
7562;33.419
7564;33.393
7566;33.388
7568;33.407
7570;33.369
7572;33.381
7574;33.382
7576;33.385
7578;33.401
7580;33.398
7582;33.423
7584;33.458
7586;33.436
7588;33.388
7590;33.391
7592;33.378
7594;33.404
7596;33.387
7598;33.372
7600;33.39
7602;33.409
7604;33.381
7606;33.382
7608;33.378
7610;33.381
7612;33.379
7614;33.378
7616;33.387
7618;33.415
7620;33.387
7622;33.394
7624;33.391
7626;33.397
7628;33.375
7630;33.407
7632;33.398
7634;33.435
7636;33.441
7638;33.428
7640;33.417
7642;33.409
7644;33.426
7646;33.387
7648;33.412
7650;33.366
7652;33.381
7654;33.375
7656;33.406
7658;33.423
7660;33.39
7662;33.416
7664;33.381
7666;33.377
7668;33.397
7670;33.385
7672;33.384
7674;33.438
7676;33.377
7678;33.39
7680;33.372
7682;33.385
7684;33.39
7686;33.387
7688;33.347
7690;33.375
7692;33.377
7694;33.398
7696;33.388
7698;33.406
7700;33.396
7702;33.412
7704;33.397
7706;33.396
7708;33.4
7710;33.404
7712;33.404
7714;33.368
7716;33.387
7718;33.407
7720;33.415
7722;33.428
7724;33.39
7726;33.401
7728;33.401
7730;33.397
7732;33.377
7734;33.39
7736;33.388
7738;33.407
7740;33.413
7742;33.382
7744;33.393
7746;33.39
7748;33.397
7750;33.41
7752;33.381
7754;33.374
7756;33.412
7758;33.409
7760;33.417
7762;33.382
7764;33.378
7766;33.388
7768;33.384
7770;33.375
7772;33.41
7774;33.403
7776;33.377
7778;33.377
7780;33.381
7782;33.388
7784;33.397
7786;33.436
7788;33.374
7790;33.368
7792;33.355
7794;33.339
7796;33.36
7798;33.4
7800;33.397
7802;33.378
7804;33.366
7806;33.387
7808;33.403
7810;33.397
7812;33.415
7814;33.398
7816;33.378
7818;33.372
7820;33.398
7822;33.403
7824;33.442
7826;33.409
7828;33.394
7830;33.407
7832;33.385
7834;33.412
7836;33.396
7838;33.397
7840;33.393
7842;33.39
7844;33.412
7846;33.397
7848;33.39
7850;33.366
7852;33.369
7854;33.401
7856;33.385
7858;33.385
7860;33.356
7862;33.396
7864;33.403
7866;33.428
7868;33.41
7870;33.4
7872;33.388
7874;33.378
7876;33.371
7878;33.4
7880;33.409
7882;33.394
7884;33.394
7886;33.375
7888;33.377
7890;33.35
7892;33.371
7894;33.378
7896;33.385
7898;33.368
7900;33.394
7902;33.398
7904;33.401
7906;33.384
7908;33.397
7910;33.412
7912;33.4
7914;33.396
7916;33.394
7918;33.384
7920;33.378
7922;33.375
7924;33.385
7926;33.385
7928;33.381
7930;33.432
7932;33.394
7934;33.406
7936;33.397
7938;33.439
7940;33.409
7942;33.401
7944;33.387
7946;33.398
7948;33.379
7950;33.371
7952;33.423
7954;33.422
7956;33.382
7958;33.378
7960;33.397
7962;33.396
7964;33.412
7966;33.415
7968;33.393
7970;33.4
7972;33.39
7974;33.381
7976;33.406
7978;33.388
7980;33.404
7982;33.401
7984;33.397
7986;33.406
7988;33.388
7990;33.4
7992;33.409
7994;33.391
7996;33.39
7998;33.404
